Formel: (p ∧ ((q ∧ (r ∨ (¬r ∧ x ∧ ¬z))) ∨ (¬q ∧ ((r ∧ x ∧ z) ∨ (¬r ∧ (x ∨ (¬x ∧ ¬y ∧ ¬z)))))))∨(¬p ∧ ((q ∧ ((r ∧ x) ∨ (¬r ∧ z))) ∨ (¬q ∧ ((r ∧ (x ∨ (¬x ∧ (y ∨ (¬y ∧ z))))) ∨ (¬r ∧ x ∧ z)))))

Wahrheitstabelle:

p q r x y z | (p ∧ ((q ∧ (r ∨ (¬r ∧ x ∧ ¬z))) ∨ (¬q ∧ ((r ∧ x ∧ z) ∨ (¬r ∧ (x ∨ (¬x ∧ ¬y ∧ ¬z)))))))∨(¬p ∧ ((q ∧ ((r ∧ x) ∨ (¬r ∧ z))) ∨ (¬q ∧ ((r ∧ (x ∨ (¬x ∧ (y ∨ (¬y ∧ z))))) ∨ (¬r ∧ x ∧ z))))) | Ergebniss
────────────┼────────────────────────────────────────────────────────────────────────────────────────────────────────────────────────────────────────────────────────────────────────────────────────┼──────────
0 0 0 0 0 0 |    0     0    0  1  0   0 1     1  1  1     0   0    1  1  1    1  1  1 1  1 1        0 1  0     0     0    0  1  0      0  1  0     0    0  1  0    0  1  0        0  1  0   0        | 0
0 0 0 0 0 1 |    0     0    0  1  0   0 0     0  1  0     0   0    0  1  0    0  1  1 1  0 0        0 1  0     0     0    1  1  1      0  1  0     0    1  1  1    1  1  1        0  1  0   0        | 0
0 0 0 0 1 0 |    0     0    0  1  0   0 1     0  1  0     0   0    0  1  0    0  1  0 0  0 1        0 1  0     0     0    0  1  0      0  1  0     0    1  1  1    1  0  0        0  1  0   0        | 0
0 0 0 0 1 1 |    0     0    0  1  0   0 0     0  1  0     0   0    0  1  0    0  1  0 0  0 0        0 1  0     0     0    1  1  1      0  1  0     0    1  1  1    1  0  0        0  1  0   0        | 0
0 0 0 1 0 0 |    0     0    1  1  1   1 1     1  1  1     0   0    1  1  1    1  0  0 1  0 1        0 1  0     0     0    0  1  0      0  1  0     0    1  0  0    0  1  0        0  1  1   0        | 0
0 0 0 1 0 1 |    0     0    0  1  1   0 0     1  1  1     0   0    1  1  1    1  0  0 1  0 0        1 1  1     0     0    1  1  1      1  1  1     0    1  0  0    1  1  1        1  1  1   1        | 1
0 0 0 1 1 0 |    0     0    1  1  1   1 1     1  1  1     0   0    1  1  1    1  0  0 0  0 1        0 1  0     0     0    0  1  0      0  1  0     0    1  0  0    1  0  0        0  1  1   0        | 0
0 0 0 1 1 1 |    0     0    0  1  1   0 0     1  1  1     0   0    1  1  1    1  0  0 0  0 0        1 1  1     0     0    1  1  1      1  1  1     0    1  0  0    1  0  0        1  1  1   1        | 1
0 0 1 0 0 0 |    0     0    1  0  0   0 1     0  1  0     0   0    0  0  0    1  1  1 1  1 1        0 1  0     0     0    0  0  0      0  1  0     0    0  1  0    0  1  0        0  0  0   0        | 0
0 0 1 0 0 1 |    0     0    1  0  0   0 0     0  1  0     0   0    0  0  0    0  1  1 1  0 0        1 1  1     0     0    0  0  0      1  1  1     1    1  1  1    1  1  1        1  0  0   0        | 1
0 0 1 0 1 0 |    0     0    1  0  0   0 1     0  1  0     0   0    0  0  0    0  1  0 0  0 1        1 1  1     0     0    0  0  0      1  1  1     1    1  1  1    1  0  0        1  0  0   0        | 1
0 0 1 0 1 1 |    0     0    1  0  0   0 0     0  1  0     0   0    0  0  0    0  1  0 0  0 0        1 1  1     0     0    0  0  0      1  1  1     1    1  1  1    1  0  0        1  0  0   0        | 1
0 0 1 1 0 0 |    0     0    1  0  0   0 1     0  1  0     1   0    0  0  0    1  0  0 1  0 1        1 1  1     0     1    1  0  0      1  1  1     1    1  0  0    0  1  0        1  0  0   0        | 1
0 0 1 1 0 1 |    0     0    1  0  0   0 0     1  1  1     1   1    1  0  0    1  0  0 1  0 0        1 1  1     0     1    1  0  0      1  1  1     1    1  0  0    1  1  1        1  0  0   0        | 1
0 0 1 1 1 0 |    0     0    1  0  0   0 1     0  1  0     1   0    0  0  0    1  0  0 0  0 1        1 1  1     0     1    1  0  0      1  1  1     1    1  0  0    1  0  0        1  0  0   0        | 1
0 0 1 1 1 1 |    0     0    1  0  0   0 0     1  1  1     1   1    1  0  0    1  0  0 0  0 0        1 1  1     0     1    1  0  0      1  1  1     1    1  0  0    1  0  0        1  0  0   0        | 1
0 1 0 0 0 0 |    0     0    0  1  0   0 1     0  0  0     0   0    1  1  1    1  1  1 1  1 1        0 1  0     0     0    0  1  0      0  0  0     0    0  1  0    0  1  0        0  1  0   0        | 0
0 1 0 0 0 1 |    0     0    0  1  0   0 0     0  0  0     0   0    0  1  0    0  1  1 1  0 0        1 1  1     1     0    1  1  1      1  0  0     0    1  1  1    1  1  1        0  1  0   0        | 1
0 1 0 0 1 0 |    0     0    0  1  0   0 1     0  0  0     0   0    0  1  0    0  1  0 0  0 1        0 1  0     0     0    0  1  0      0  0  0     0    1  1  1    1  0  0        0  1  0   0        | 0
0 1 0 0 1 1 |    0     0    0  1  0   0 0     0  0  0     0   0    0  1  0    0  1  0 0  0 0        1 1  1     1     0    1  1  1      1  0  0     0    1  1  1    1  0  0        0  1  0   0        | 1
0 1 0 1 0 0 |    0     1    1  1  1   1 1     1  0  0     0   0    1  1  1    1  0  0 1  0 1        0 1  0     0     0    0  1  0      0  0  0     0    1  0  0    0  1  0        0  1  1   0        | 0
0 1 0 1 0 1 |    0     0    0  1  1   0 0     0  0  0     0   0    1  1  1    1  0  0 1  0 0        1 1  1     1     0    1  1  1      1  0  0     0    1  0  0    1  1  1        1  1  1   1        | 1
0 1 0 1 1 0 |    0     1    1  1  1   1 1     1  0  0     0   0    1  1  1    1  0  0 0  0 1        0 1  0     0     0    0  1  0      0  0  0     0    1  0  0    1  0  0        0  1  1   0        | 0
0 1 0 1 1 1 |    0     0    0  1  1   0 0     0  0  0     0   0    1  1  1    1  0  0 0  0 0        1 1  1     1     0    1  1  1      1  0  0     0    1  0  0    1  0  0        1  1  1   1        | 1
0 1 1 0 0 0 |    0     1    1  0  0   0 1     1  0  0     0   0    0  0  0    1  1  1 1  1 1        0 1  0     0     0    0  0  0      0  0  0     0    0  1  0    0  1  0        0  0  0   0        | 0
0 1 1 0 0 1 |    0     1    1  0  0   0 0     1  0  0     0   0    0  0  0    0  1  1 1  0 0        0 1  0     0     0    0  0  0      0  0  0     1    1  1  1    1  1  1        1  0  0   0        | 0
0 1 1 0 1 0 |    0     1    1  0  0   0 1     1  0  0     0   0    0  0  0    0  1  0 0  0 1        0 1  0     0     0    0  0  0      0  0  0     1    1  1  1    1  0  0        1  0  0   0        | 0
0 1 1 0 1 1 |    0     1    1  0  0   0 0     1  0  0     0   0    0  0  0    0  1  0 0  0 0        0 1  0     0     0    0  0  0      0  0  0     1    1  1  1    1  0  0        1  0  0   0        | 0
0 1 1 1 0 0 |    0     1    1  0  0   0 1     1  0  0     1   0    0  0  0    1  0  0 1  0 1        1 1  1     1     1    1  0  0      1  0  0     1    1  0  0    0  1  0        1  0  0   0        | 1
0 1 1 1 0 1 |    0     1    1  0  0   0 0     1  0  0     1   1    1  0  0    1  0  0 1  0 0        1 1  1     1     1    1  0  0      1  0  0     1    1  0  0    1  1  1        1  0  0   0        | 1
0 1 1 1 1 0 |    0     1    1  0  0   0 1     1  0  0     1   0    0  0  0    1  0  0 0  0 1        1 1  1     1     1    1  0  0      1  0  0     1    1  0  0    1  0  0        1  0  0   0        | 1
0 1 1 1 1 1 |    0     1    1  0  0   0 0     1  0  0     1   1    1  0  0    1  0  0 0  0 0        1 1  1     1     1    1  0  0      1  0  0     1    1  0  0    1  0  0        1  0  0   0        | 1
1 0 0 0 0 0 |    1     0    0  1  0   0 1     1  1  1     0   0    1  1  1    1  1  1 1  1 1        1 0  0     0     0    0  1  0      0  1  0     0    0  1  0    0  1  0        0  1  0   0        | 1
1 0 0 0 0 1 |    0     0    0  1  0   0 0     0  1  0     0   0    0  1  0    0  1  1 1  0 0        0 0  0     0     0    1  1  1      0  1  0     0    1  1  1    1  1  1        0  1  0   0        | 0
1 0 0 0 1 0 |    0     0    0  1  0   0 1     0  1  0     0   0    0  1  0    0  1  0 0  0 1        0 0  0     0     0    0  1  0      0  1  0     0    1  1  1    1  0  0        0  1  0   0        | 0
1 0 0 0 1 1 |    0     0    0  1  0   0 0     0  1  0     0   0    0  1  0    0  1  0 0  0 0        0 0  0     0     0    1  1  1      0  1  0     0    1  1  1    1  0  0        0  1  0   0        | 0
1 0 0 1 0 0 |    1     0    1  1  1   1 1     1  1  1     0   0    1  1  1    1  0  0 1  0 1        1 0  0     0     0    0  1  0      0  1  0     0    1  0  0    0  1  0        0  1  1   0        | 1
1 0 0 1 0 1 |    1     0    0  1  1   0 0     1  1  1     0   0    1  1  1    1  0  0 1  0 0        1 0  0     0     0    1  1  1      1  1  1     0    1  0  0    1  1  1        1  1  1   1        | 1
1 0 0 1 1 0 |    1     0    1  1  1   1 1     1  1  1     0   0    1  1  1    1  0  0 0  0 1        1 0  0     0     0    0  1  0      0  1  0     0    1  0  0    1  0  0        0  1  1   0        | 1
1 0 0 1 1 1 |    1     0    0  1  1   0 0     1  1  1     0   0    1  1  1    1  0  0 0  0 0        1 0  0     0     0    1  1  1      1  1  1     0    1  0  0    1  0  0        1  1  1   1        | 1
1 0 1 0 0 0 |    0     0    1  0  0   0 1     0  1  0     0   0    0  0  0    1  1  1 1  1 1        0 0  0     0     0    0  0  0      0  1  0     0    0  1  0    0  1  0        0  0  0   0        | 0
1 0 1 0 0 1 |    0     0    1  0  0   0 0     0  1  0     0   0    0  0  0    0  1  1 1  0 0        0 0  0     0     0    0  0  0      1  1  1     1    1  1  1    1  1  1        1  0  0   0        | 0
1 0 1 0 1 0 |    0     0    1  0  0   0 1     0  1  0     0   0    0  0  0    0  1  0 0  0 1        0 0  0     0     0    0  0  0      1  1  1     1    1  1  1    1  0  0        1  0  0   0        | 0
1 0 1 0 1 1 |    0     0    1  0  0   0 0     0  1  0     0   0    0  0  0    0  1  0 0  0 0        0 0  0     0     0    0  0  0      1  1  1     1    1  1  1    1  0  0        1  0  0   0        | 0
1 0 1 1 0 0 |    0     0    1  0  0   0 1     0  1  0     1   0    0  0  0    1  0  0 1  0 1        0 0  0     0     1    1  0  0      1  1  1     1    1  0  0    0  1  0        1  0  0   0        | 0
1 0 1 1 0 1 |    1     0    1  0  0   0 0     1  1  1     1   1    1  0  0    1  0  0 1  0 0        1 0  0     0     1    1  0  0      1  1  1     1    1  0  0    1  1  1        1  0  0   0        | 1
1 0 1 1 1 0 |    0     0    1  0  0   0 1     0  1  0     1   0    0  0  0    1  0  0 0  0 1        0 0  0     0     1    1  0  0      1  1  1     1    1  0  0    1  0  0        1  0  0   0        | 0
1 0 1 1 1 1 |    1     0    1  0  0   0 0     1  1  1     1   1    1  0  0    1  0  0 0  0 0        1 0  0     0     1    1  0  0      1  1  1     1    1  0  0    1  0  0        1  0  0   0        | 1
1 1 0 0 0 0 |    0     0    0  1  0   0 1     0  0  0     0   0    1  1  1    1  1  1 1  1 1        0 0  0     0     0    0  1  0      0  0  0     0    0  1  0    0  1  0        0  1  0   0        | 0
1 1 0 0 0 1 |    0     0    0  1  0   0 0     0  0  0     0   0    0  1  0    0  1  1 1  0 0        0 0  0     1     0    1  1  1      1  0  0     0    1  1  1    1  1  1        0  1  0   0        | 0
1 1 0 0 1 0 |    0     0    0  1  0   0 1     0  0  0     0   0    0  1  0    0  1  0 0  0 1        0 0  0     0     0    0  1  0      0  0  0     0    1  1  1    1  0  0        0  1  0   0        | 0
1 1 0 0 1 1 |    0     0    0  1  0   0 0     0  0  0     0   0    0  1  0    0  1  0 0  0 0        0 0  0     1     0    1  1  1      1  0  0     0    1  1  1    1  0  0        0  1  0   0        | 0
1 1 0 1 0 0 |    1     1    1  1  1   1 1     1  0  0     0   0    1  1  1    1  0  0 1  0 1        1 0  0     0     0    0  1  0      0  0  0     0    1  0  0    0  1  0        0  1  1   0        | 1
1 1 0 1 0 1 |    0     0    0  1  1   0 0     0  0  0     0   0    1  1  1    1  0  0 1  0 0        0 0  0     1     0    1  1  1      1  0  0     0    1  0  0    1  1  1        1  1  1   1        | 0
1 1 0 1 1 0 |    1     1    1  1  1   1 1     1  0  0     0   0    1  1  1    1  0  0 0  0 1        1 0  0     0     0    0  1  0      0  0  0     0    1  0  0    1  0  0        0  1  1   0        | 1
1 1 0 1 1 1 |    0     0    0  1  1   0 0     0  0  0     0   0    1  1  1    1  0  0 0  0 0        0 0  0     1     0    1  1  1      1  0  0     0    1  0  0    1  0  0        1  1  1   1        | 0
1 1 1 0 0 0 |    1     1    1  0  0   0 1     1  0  0     0   0    0  0  0    1  1  1 1  1 1        1 0  0     0     0    0  0  0      0  0  0     0    0  1  0    0  1  0        0  0  0   0        | 1
1 1 1 0 0 1 |    1     1    1  0  0   0 0     1  0  0     0   0    0  0  0    0  1  1 1  0 0        1 0  0     0     0    0  0  0      0  0  0     1    1  1  1    1  1  1        1  0  0   0        | 1
1 1 1 0 1 0 |    1     1    1  0  0   0 1     1  0  0     0   0    0  0  0    0  1  0 0  0 1        1 0  0     0     0    0  0  0      0  0  0     1    1  1  1    1  0  0        1  0  0   0        | 1
1 1 1 0 1 1 |    1     1    1  0  0   0 0     1  0  0     0   0    0  0  0    0  1  0 0  0 0        1 0  0     0     0    0  0  0      0  0  0     1    1  1  1    1  0  0        1  0  0   0        | 1
1 1 1 1 0 0 |    1     1    1  0  0   0 1     1  0  0     1   0    0  0  0    1  0  0 1  0 1        1 0  0     1     1    1  0  0      1  0  0     1    1  0  0    0  1  0        1  0  0   0        | 1
1 1 1 1 0 1 |    1     1    1  0  0   0 0     1  0  0     1   1    1  0  0    1  0  0 1  0 0        1 0  0     1     1    1  0  0      1  0  0     1    1  0  0    1  1  1        1  0  0   0        | 1
1 1 1 1 1 0 |    1     1    1  0  0   0 1     1  0  0     1   0    0  0  0    1  0  0 0  0 1        1 0  0     1     1    1  0  0      1  0  0     1    1  0  0    1  0  0        1  0  0   0        | 1
1 1 1 1 1 1 |    1     1    1  0  0   0 0     1  0  0     1   1    1  0  0    1  0  0 0  0 0        1 0  0     1     1    1  0  0      1  0  0     1    1  0  0    1  0  0        1  0  0   0        | 1


KV-Diagramm:

   y            ────────────
   r      ────────────      
   p   ──────      ──────   
zxq┌──┬──┬──┬──┬──┬──┬──┬──┐
   |  |██|  |  |██|  |  |  |
   ├──┼──┼──┼──┼──┼──┼──┼──┤
  ||  |  |██|  |  |██|  |  |
  |├──┼──┼──┼──┼──┼──┼──┼──┤
 |||  |██|██|██|██|██|██|  |
 ||├──┼──┼──┼──┼──┼──┼──┼──┤
 | |  |██|  |██|██|  |██|  |
 | ├──┼──┼──┼──┼──┼──┼──┼──┤
|| |██|██|██|██|██|██|██|██|
|| ├──┼──┼──┼──┼──┼──┼──┼──┤
||||██|  |██|██|██|██|  |██|
|||├──┼──┼──┼──┼──┼──┼──┼──┤
| ||██|  |██|  |  |██|  |██|
| |├──┼──┼──┼──┼──┼──┼──┼──┤
|  |  |  |  |██|██|  |  |  |
|  └──┴──┴──┴──┴──┴──┴──┴──┘


Syntaxbaum:

                             ∨                               
 ┌───────────────────────────┴─┐                             
 ∧                             ∧                             
┌┴─────────┐                  ┌┴─────────┐                   
p          ∨                  ¬          ∨                   
   ┌───────┴─┐                |  ┌───────┴─┐                 
   ∧         ∧                p  ∧         ∧                 
  ┌┴─┐      ┌┴─────┐            ┌┴───┐    ┌┴───────────┐     
  q  ∨      ¬      ∨            q    ∨    ¬            ∨     
    ┌┴───┐  |    ┌─┴─┐             ┌─┴─┐  |  ┌─────────┴───┐ 
    r    ∧  q    ∧   ∧             ∧   ∧  q  ∧             ∧ 
       ┌─┴┐    ┌─┴┐ ┌┴─┐          ┌┴┐ ┌┴┐   ┌┴─┐         ┌─┴┐
       ∧  ¬    ∧  z ¬  ∨          r x ¬ z   r  ∨         ∧  z
      ┌┴┐ |   ┌┴┐   | ┌┴───┐          |       ┌┴─┐      ┌┴┐  
      ¬ x z   r x   r x    ∧          r       x  ∧      ¬ x  
      |                  ┌─┴┐                   ┌┴─┐    |    
      r                  ∧  ¬                   ¬  ∨    r    
                        ┌┴┐ |                   | ┌┴─┐       
                        ¬ ¬ z                   x y  ∧       
                        | |                         ┌┴┐      
                        x y                         ¬ z      
                                                    |        
                                                    y        
                                                             

----------------------------------------------------------------

Formel: (p ∧ ((q ∧ ((r ∧ ((x ∧ y ∧ z) ∨ (¬x ∧ (¬y ∨ (y ∧ ¬z)))))∨(¬r ∧ ((x ∧ ((y ∧ ¬z) ∨ (¬y ∧ z))) ∨ (¬x ∧ ¬y ∧ ¬z))))) ∨ (¬q ∧ ¬r ∧ x ∧ y)))∨(¬p ∧ ((q ∧ ((r ∧ ((x ∧ ¬y ∧ ¬z) ∨ (¬x ∧ y))) ∨ (¬r ∧ x ∧ ¬y ∧ ¬z)))∨(¬q ∧ ((r ∧ ¬x ∧ ¬y ∧ z) ∨ (¬r ∧ x ∧ ¬y)))))

Wahrheitstabelle:

p q r x y z | (p ∧ ((q ∧ ((r ∧ ((x ∧ y ∧ z) ∨ (¬x ∧ (¬y ∨ (y ∧ ¬z)))))∨(¬r ∧ ((x ∧ ((y ∧ ¬z) ∨ (¬y ∧ z))) ∨ (¬x ∧ ¬y ∧ ¬z))))) ∨ (¬q ∧ ¬r ∧ x ∧ y)))∨(¬p ∧ ((q ∧ ((r ∧ ((x ∧ ¬y ∧ ¬z) ∨ (¬x ∧ y))) ∨ (¬r ∧ x ∧ ¬y ∧ ¬z)))∨(¬q ∧ ((r ∧ ¬x ∧ ¬y ∧ z) ∨ (¬r ∧ x ∧ ¬y))))) | Ergebniss
────────────┼──────────────────────────────────────────────────────────────────────────────────────────────────────────────────────────────────────────────────────────────────────────────────────────────────────────────────────────────────────────────────────────┼──────────
0 0 0 0 0 0 |    0     0     0     0   0    1  1  1  1  1    0 1      1 1  1     0     0 1   0  1  0      1  1  1 1  1 1       0  1  1 1  0   0     0 1  0     0     0     0 1  0 1   0  1  0      0  1  0   0 1  0 1    0 1  0     0 1  0 1  0    0  1  0   0 1       | 0
0 0 0 0 0 1 |    0     0     0     0   0    1  1  1  1  1    0 0      0 1  0     0     0 0   1  1  1      0  1  1 1  0 0       0  1  1 1  0   0     0 1  0     0     0     0 1  0 0   0  1  0      0  1  0   0 1  0 0    0 1  0     0 1  0 1  0    0  1  0   0 1       | 0
0 0 0 0 1 0 |    0     0     0     0   0    1  1  1  0  1    1 1      0 1  0     0     1 1   1  0  0      0  1  0 0  0 1       0  1  1 1  0   0     0 1  0     0     0     0 0  0 1   1  1  1      0  1  0   0 0  0 1    0 1  0     0 1  0 0  0    0  1  0   0 0       | 0
0 0 0 0 1 1 |    0     0     0     0   0    0  1  0  0  0    0 0      0 1  0     0     0 0   0  0  0      0  1  0 0  0 0       0  1  1 1  0   0     0 1  0     0     0     0 0  0 0   1  1  1      0  1  0   0 0  0 0    0 1  0     0 1  0 0  0    0  1  0   0 0       | 0
0 0 0 1 0 0 |    0     0     0     0   0    0  0  0  1  1    0 1      0 1  0     0     0 1   0  1  0      0  0  0 1  0 1       0  1  1 1  1   0     1 1  1     0     0     1 1  1 1   1  0  0      1  1  1   1 1  1 1    1 1  1     0 0  0 1  0    1  1  1   1 1       | 1
0 0 0 1 0 1 |    0     0     0     0   0    0  0  0  1  1    0 0      1 1  1     1     0 0   1  1  1      1  0  0 1  0 0       0  1  1 1  1   0     1 1  1     0     0     1 1  0 0   0  0  0      0  1  1   1 1  0 0    1 1  1     0 0  0 1  0    1  1  1   1 1       | 1
0 0 0 1 1 0 |    0     0     0     1   0    0  0  0  0  1    1 1      1 1  1     1     1 1   1  0  0      1  0  0 0  0 1       1  1  1 1  1   1     0 1  0     0     0     0 0  0 1   0  0  0      0  1  1   0 0  0 1    0 1  0     0 0  0 0  0    0  1  1   0 0       | 0
0 0 0 1 1 1 |    0     0     0     1   1    1  0  0  0  0    0 0      0 1  0     0     0 0   0  0  0      0  0  0 0  0 0       1  1  1 1  1   1     0 1  0     0     0     0 0  0 0   0  0  0      0  1  1   0 0  0 0    0 1  0     0 0  0 0  0    0  1  1   0 0       | 0
0 0 1 0 0 0 |    0     0     1     0   0    1  1  1  1  1    0 1      1 0  0     0     0 1   0  1  0      1  1  1 1  1 1       0  1  0 0  0   0     0 1  0     0     0     0 1  0 1   0  1  0      0  0  0   0 1  0 1    0 1  0     1 1  1 1  0    0  0  0   0 1       | 0
0 0 1 0 0 1 |    0     0     1     0   0    1  1  1  1  1    0 0      1 0  0     0     0 0   1  1  1      0  1  1 1  0 0       0  1  0 0  0   0     1 1  1     0     0     0 1  0 0   0  1  0      0  0  0   0 1  0 0    1 1  1     1 1  1 1  1    1  0  0   0 1       | 1
0 0 1 0 1 0 |    0     0     1     0   0    1  1  1  0  1    1 1      1 0  0     0     1 1   1  0  0      0  1  0 0  0 1       0  1  0 0  0   0     0 1  0     0     1     0 0  0 1   1  1  1      1  0  0   0 0  0 1    0 1  0     1 1  0 0  0    0  0  0   0 0       | 0
0 0 1 0 1 1 |    0     0     0     0   0    0  1  0  0  0    0 0      0 0  0     0     0 0   0  0  0      0  1  0 0  0 0       0  1  0 0  0   0     0 1  0     0     1     0 0  0 0   1  1  1      1  0  0   0 0  0 0    0 1  0     1 1  0 0  0    0  0  0   0 0       | 0
0 0 1 1 0 0 |    0     0     0     0   0    0  0  0  1  1    0 1      0 0  0     0     0 1   0  1  0      0  0  0 1  0 1       0  1  0 0  0   0     0 1  0     0     1     1 1  1 1   1  0  0      1  0  0   0 1  0 1    0 1  0     0 0  0 1  0    0  0  0   0 1       | 0
0 0 1 1 0 1 |    0     0     0     0   0    0  0  0  1  1    0 0      0 0  0     1     0 0   1  1  1      1  0  0 1  0 0       0  1  0 0  0   0     0 1  0     0     0     1 1  0 0   0  0  0      0  0  0   0 1  0 0    0 1  0     0 0  0 1  0    0  0  0   0 1       | 0
0 0 1 1 1 0 |    0     0     0     1   0    0  0  0  0  1    1 1      0 0  0     1     1 1   1  0  0      1  0  0 0  0 1       0  1  0 0  0   0     0 1  0     0     0     0 0  0 1   0  0  0      0  0  0   0 0  0 1    0 1  0     0 0  0 0  0    0  0  0   0 0       | 0
0 0 1 1 1 1 |    0     0     1     1   1    1  0  0  0  0    0 0      1 0  0     0     0 0   0  0  0      0  0  0 0  0 0       0  1  0 0  0   0     0 1  0     0     0     0 0  0 0   0  0  0      0  0  0   0 0  0 0    0 1  0     0 0  0 0  0    0  0  0   0 0       | 0
0 1 0 0 0 0 |    0     1     0     0   0    1  1  1  1  1    0 1      1 1  1     0     0 1   0  1  0      1  1  1 1  1 1       1  0  0 1  0   0     0 1  0     0     0     0 1  0 1   0  1  0      0  1  0   0 1  0 1    0 0  0     0 1  0 1  0    0  1  0   0 1       | 0
0 1 0 0 0 1 |    0     0     0     0   0    1  1  1  1  1    0 0      0 1  0     0     0 0   1  1  1      0  1  1 1  0 0       0  0  0 1  0   0     0 1  0     0     0     0 1  0 0   0  1  0      0  1  0   0 1  0 0    0 0  0     0 1  0 1  0    0  1  0   0 1       | 0
0 1 0 0 1 0 |    0     0     0     0   0    1  1  1  0  1    1 1      0 1  0     0     1 1   1  0  0      0  1  0 0  0 1       0  0  0 1  0   0     0 1  0     0     0     0 0  0 1   1  1  1      0  1  0   0 0  0 1    0 0  0     0 1  0 0  0    0  1  0   0 0       | 0
0 1 0 0 1 1 |    0     0     0     0   0    0  1  0  0  0    0 0      0 1  0     0     0 0   0  0  0      0  1  0 0  0 0       0  0  0 1  0   0     0 1  0     0     0     0 0  0 0   1  1  1      0  1  0   0 0  0 0    0 0  0     0 1  0 0  0    0  1  0   0 0       | 0
0 1 0 1 0 0 |    0     0     0     0   0    0  0  0  1  1    0 1      0 1  0     0     0 1   0  1  0      0  0  0 1  0 1       0  0  0 1  0   0     1 1  1     1     0     1 1  1 1   1  0  0      1  1  1   1 1  1 1    1 0  0     0 0  0 1  0    1  1  1   1 1       | 1
0 1 0 1 0 1 |    0     1     0     0   0    0  0  0  1  1    0 0      1 1  1     1     0 0   1  1  1      1  0  0 1  0 0       1  0  0 1  0   0     0 1  0     0     0     1 1  0 0   0  0  0      0  1  1   1 1  0 0    0 0  0     0 0  0 1  0    1  1  1   1 1       | 0
0 1 0 1 1 0 |    0     1     0     1   0    0  0  0  0  1    1 1      1 1  1     1     1 1   1  0  0      1  0  0 0  0 1       1  0  0 1  0   0     0 1  0     0     0     0 0  0 1   0  0  0      0  1  1   0 0  0 1    0 0  0     0 0  0 0  0    0  1  1   0 0       | 0
0 1 0 1 1 1 |    0     0     0     1   1    1  0  0  0  0    0 0      0 1  0     0     0 0   0  0  0      0  0  0 0  0 0       0  0  0 1  0   0     0 1  0     0     0     0 0  0 0   0  0  0      0  1  1   0 0  0 0    0 0  0     0 0  0 0  0    0  1  1   0 0       | 0
0 1 1 0 0 0 |    0     1     1     0   0    1  1  1  1  1    0 1      1 0  0     0     0 1   0  1  0      1  1  1 1  1 1       1  0  0 0  0   0     0 1  0     0     0     0 1  0 1   0  1  0      0  0  0   0 1  0 1    0 0  0     1 1  1 1  0    0  0  0   0 1       | 0
0 1 1 0 0 1 |    0     1     1     0   0    1  1  1  1  1    0 0      1 0  0     0     0 0   1  1  1      0  1  1 1  0 0       1  0  0 0  0   0     0 1  0     0     0     0 1  0 0   0  1  0      0  0  0   0 1  0 0    0 0  0     1 1  1 1  1    1  0  0   0 1       | 0
0 1 1 0 1 0 |    0     1     1     0   0    1  1  1  0  1    1 1      1 0  0     0     1 1   1  0  0      0  1  0 0  0 1       1  0  0 0  0   0     1 1  1     1     1     0 0  0 1   1  1  1      1  0  0   0 0  0 1    1 0  0     1 1  0 0  0    0  0  0   0 0       | 1
0 1 1 0 1 1 |    0     0     0     0   0    0  1  0  0  0    0 0      0 0  0     0     0 0   0  0  0      0  1  0 0  0 0       0  0  0 0  0   0     1 1  1     1     1     0 0  0 0   1  1  1      1  0  0   0 0  0 0    1 0  0     1 1  0 0  0    0  0  0   0 0       | 1
0 1 1 1 0 0 |    0     0     0     0   0    0  0  0  1  1    0 1      0 0  0     0     0 1   0  1  0      0  0  0 1  0 1       0  0  0 0  0   0     1 1  1     1     1     1 1  1 1   1  0  0      1  0  0   0 1  0 1    1 0  0     0 0  0 1  0    0  0  0   0 1       | 1
0 1 1 1 0 1 |    0     0     0     0   0    0  0  0  1  1    0 0      0 0  0     1     0 0   1  1  1      1  0  0 1  0 0       0  0  0 0  0   0     0 1  0     0     0     1 1  0 0   0  0  0      0  0  0   0 1  0 0    0 0  0     0 0  0 1  0    0  0  0   0 1       | 0
0 1 1 1 1 0 |    0     0     0     1   0    0  0  0  0  1    1 1      0 0  0     1     1 1   1  0  0      1  0  0 0  0 1       0  0  0 0  0   0     0 1  0     0     0     0 0  0 1   0  0  0      0  0  0   0 0  0 1    0 0  0     0 0  0 0  0    0  0  0   0 0       | 0
0 1 1 1 1 1 |    0     1     1     1   1    1  0  0  0  0    0 0      1 0  0     0     0 0   0  0  0      0  0  0 0  0 0       1  0  0 0  0   0     0 1  0     0     0     0 0  0 0   0  0  0      0  0  0   0 0  0 0    0 0  0     0 0  0 0  0    0  0  0   0 0       | 0
1 0 0 0 0 0 |    0     0     0     0   0    1  1  1  1  1    0 1      1 1  1     0     0 1   0  1  0      1  1  1 1  1 1       0  1  1 1  0   0     0 0  0     0     0     0 1  0 1   0  1  0      0  1  0   0 1  0 1    0 1  0     0 1  0 1  0    0  1  0   0 1       | 0
1 0 0 0 0 1 |    0     0     0     0   0    1  1  1  1  1    0 0      0 1  0     0     0 0   1  1  1      0  1  1 1  0 0       0  1  1 1  0   0     0 0  0     0     0     0 1  0 0   0  1  0      0  1  0   0 1  0 0    0 1  0     0 1  0 1  0    0  1  0   0 1       | 0
1 0 0 0 1 0 |    0     0     0     0   0    1  1  1  0  1    1 1      0 1  0     0     1 1   1  0  0      0  1  0 0  0 1       0  1  1 1  0   0     0 0  0     0     0     0 0  0 1   1  1  1      0  1  0   0 0  0 1    0 1  0     0 1  0 0  0    0  1  0   0 0       | 0
1 0 0 0 1 1 |    0     0     0     0   0    0  1  0  0  0    0 0      0 1  0     0     0 0   0  0  0      0  1  0 0  0 0       0  1  1 1  0   0     0 0  0     0     0     0 0  0 0   1  1  1      0  1  0   0 0  0 0    0 1  0     0 1  0 0  0    0  1  0   0 0       | 0
1 0 0 1 0 0 |    0     0     0     0   0    0  0  0  1  1    0 1      0 1  0     0     0 1   0  1  0      0  0  0 1  0 1       0  1  1 1  1   0     0 0  0     0     0     1 1  1 1   1  0  0      1  1  1   1 1  1 1    1 1  1     0 0  0 1  0    1  1  1   1 1       | 0
1 0 0 1 0 1 |    0     0     0     0   0    0  0  0  1  1    0 0      1 1  1     1     0 0   1  1  1      1  0  0 1  0 0       0  1  1 1  1   0     0 0  0     0     0     1 1  0 0   0  0  0      0  1  1   1 1  0 0    1 1  1     0 0  0 1  0    1  1  1   1 1       | 0
1 0 0 1 1 0 |    1     0     0     1   0    0  0  0  0  1    1 1      1 1  1     1     1 1   1  0  0      1  0  0 0  0 1       1  1  1 1  1   1     1 0  0     0     0     0 0  0 1   0  0  0      0  1  1   0 0  0 1    0 1  0     0 0  0 0  0    0  1  1   0 0       | 1
1 0 0 1 1 1 |    1     0     0     1   1    1  0  0  0  0    0 0      0 1  0     0     0 0   0  0  0      0  0  0 0  0 0       1  1  1 1  1   1     1 0  0     0     0     0 0  0 0   0  0  0      0  1  1   0 0  0 0    0 1  0     0 0  0 0  0    0  1  1   0 0       | 1
1 0 1 0 0 0 |    0     0     1     0   0    1  1  1  1  1    0 1      1 0  0     0     0 1   0  1  0      1  1  1 1  1 1       0  1  0 0  0   0     0 0  0     0     0     0 1  0 1   0  1  0      0  0  0   0 1  0 1    0 1  0     1 1  1 1  0    0  0  0   0 1       | 0
1 0 1 0 0 1 |    0     0     1     0   0    1  1  1  1  1    0 0      1 0  0     0     0 0   1  1  1      0  1  1 1  0 0       0  1  0 0  0   0     0 0  0     0     0     0 1  0 0   0  1  0      0  0  0   0 1  0 0    1 1  1     1 1  1 1  1    1  0  0   0 1       | 0
1 0 1 0 1 0 |    0     0     1     0   0    1  1  1  0  1    1 1      1 0  0     0     1 1   1  0  0      0  1  0 0  0 1       0  1  0 0  0   0     0 0  0     0     1     0 0  0 1   1  1  1      1  0  0   0 0  0 1    0 1  0     1 1  0 0  0    0  0  0   0 0       | 0
1 0 1 0 1 1 |    0     0     0     0   0    0  1  0  0  0    0 0      0 0  0     0     0 0   0  0  0      0  1  0 0  0 0       0  1  0 0  0   0     0 0  0     0     1     0 0  0 0   1  1  1      1  0  0   0 0  0 0    0 1  0     1 1  0 0  0    0  0  0   0 0       | 0
1 0 1 1 0 0 |    0     0     0     0   0    0  0  0  1  1    0 1      0 0  0     0     0 1   0  1  0      0  0  0 1  0 1       0  1  0 0  0   0     0 0  0     0     1     1 1  1 1   1  0  0      1  0  0   0 1  0 1    0 1  0     0 0  0 1  0    0  0  0   0 1       | 0
1 0 1 1 0 1 |    0     0     0     0   0    0  0  0  1  1    0 0      0 0  0     1     0 0   1  1  1      1  0  0 1  0 0       0  1  0 0  0   0     0 0  0     0     0     1 1  0 0   0  0  0      0  0  0   0 1  0 0    0 1  0     0 0  0 1  0    0  0  0   0 1       | 0
1 0 1 1 1 0 |    0     0     0     1   0    0  0  0  0  1    1 1      0 0  0     1     1 1   1  0  0      1  0  0 0  0 1       0  1  0 0  0   0     0 0  0     0     0     0 0  0 1   0  0  0      0  0  0   0 0  0 1    0 1  0     0 0  0 0  0    0  0  0   0 0       | 0
1 0 1 1 1 1 |    0     0     1     1   1    1  0  0  0  0    0 0      1 0  0     0     0 0   0  0  0      0  0  0 0  0 0       0  1  0 0  0   0     0 0  0     0     0     0 0  0 0   0  0  0      0  0  0   0 0  0 0    0 1  0     0 0  0 0  0    0  0  0   0 0       | 0
1 1 0 0 0 0 |    1     1     0     0   0    1  1  1  1  1    0 1      1 1  1     0     0 1   0  1  0      1  1  1 1  1 1       1  0  0 1  0   0     1 0  0     0     0     0 1  0 1   0  1  0      0  1  0   0 1  0 1    0 0  0     0 1  0 1  0    0  1  0   0 1       | 1
1 1 0 0 0 1 |    0     0     0     0   0    1  1  1  1  1    0 0      0 1  0     0     0 0   1  1  1      0  1  1 1  0 0       0  0  0 1  0   0     0 0  0     0     0     0 1  0 0   0  1  0      0  1  0   0 1  0 0    0 0  0     0 1  0 1  0    0  1  0   0 1       | 0
1 1 0 0 1 0 |    0     0     0     0   0    1  1  1  0  1    1 1      0 1  0     0     1 1   1  0  0      0  1  0 0  0 1       0  0  0 1  0   0     0 0  0     0     0     0 0  0 1   1  1  1      0  1  0   0 0  0 1    0 0  0     0 1  0 0  0    0  1  0   0 0       | 0
1 1 0 0 1 1 |    0     0     0     0   0    0  1  0  0  0    0 0      0 1  0     0     0 0   0  0  0      0  1  0 0  0 0       0  0  0 1  0   0     0 0  0     0     0     0 0  0 0   1  1  1      0  1  0   0 0  0 0    0 0  0     0 1  0 0  0    0  1  0   0 0       | 0
1 1 0 1 0 0 |    0     0     0     0   0    0  0  0  1  1    0 1      0 1  0     0     0 1   0  1  0      0  0  0 1  0 1       0  0  0 1  0   0     0 0  0     1     0     1 1  1 1   1  0  0      1  1  1   1 1  1 1    1 0  0     0 0  0 1  0    1  1  1   1 1       | 0
1 1 0 1 0 1 |    1     1     0     0   0    0  0  0  1  1    0 0      1 1  1     1     0 0   1  1  1      1  0  0 1  0 0       1  0  0 1  0   0     1 0  0     0     0     1 1  0 0   0  0  0      0  1  1   1 1  0 0    0 0  0     0 0  0 1  0    1  1  1   1 1       | 1
1 1 0 1 1 0 |    1     1     0     1   0    0  0  0  0  1    1 1      1 1  1     1     1 1   1  0  0      1  0  0 0  0 1       1  0  0 1  0   0     1 0  0     0     0     0 0  0 1   0  0  0      0  1  1   0 0  0 1    0 0  0     0 0  0 0  0    0  1  1   0 0       | 1
1 1 0 1 1 1 |    0     0     0     1   1    1  0  0  0  0    0 0      0 1  0     0     0 0   0  0  0      0  0  0 0  0 0       0  0  0 1  0   0     0 0  0     0     0     0 0  0 0   0  0  0      0  1  1   0 0  0 0    0 0  0     0 0  0 0  0    0  1  1   0 0       | 0
1 1 1 0 0 0 |    1     1     1     0   0    1  1  1  1  1    0 1      1 0  0     0     0 1   0  1  0      1  1  1 1  1 1       1  0  0 0  0   0     1 0  0     0     0     0 1  0 1   0  1  0      0  0  0   0 1  0 1    0 0  0     1 1  1 1  0    0  0  0   0 1       | 1
1 1 1 0 0 1 |    1     1     1     0   0    1  1  1  1  1    0 0      1 0  0     0     0 0   1  1  1      0  1  1 1  0 0       1  0  0 0  0   0     1 0  0     0     0     0 1  0 0   0  1  0      0  0  0   0 1  0 0    0 0  0     1 1  1 1  1    1  0  0   0 1       | 1
1 1 1 0 1 0 |    1     1     1     0   0    1  1  1  0  1    1 1      1 0  0     0     1 1   1  0  0      0  1  0 0  0 1       1  0  0 0  0   0     1 0  0     1     1     0 0  0 1   1  1  1      1  0  0   0 0  0 1    1 0  0     1 1  0 0  0    0  0  0   0 0       | 1
1 1 1 0 1 1 |    0     0     0     0   0    0  1  0  0  0    0 0      0 0  0     0     0 0   0  0  0      0  1  0 0  0 0       0  0  0 0  0   0     0 0  0     1     1     0 0  0 0   1  1  1      1  0  0   0 0  0 0    1 0  0     1 1  0 0  0    0  0  0   0 0       | 0
1 1 1 1 0 0 |    0     0     0     0   0    0  0  0  1  1    0 1      0 0  0     0     0 1   0  1  0      0  0  0 1  0 1       0  0  0 0  0   0     0 0  0     1     1     1 1  1 1   1  0  0      1  0  0   0 1  0 1    1 0  0     0 0  0 1  0    0  0  0   0 1       | 0
1 1 1 1 0 1 |    0     0     0     0   0    0  0  0  1  1    0 0      0 0  0     1     0 0   1  1  1      1  0  0 1  0 0       0  0  0 0  0   0     0 0  0     0     0     1 1  0 0   0  0  0      0  0  0   0 1  0 0    0 0  0     0 0  0 1  0    0  0  0   0 1       | 0
1 1 1 1 1 0 |    0     0     0     1   0    0  0  0  0  1    1 1      0 0  0     1     1 1   1  0  0      1  0  0 0  0 1       0  0  0 0  0   0     0 0  0     0     0     0 0  0 1   0  0  0      0  0  0   0 0  0 1    0 0  0     0 0  0 0  0    0  0  0   0 0       | 0
1 1 1 1 1 1 |    1     1     1     1   1    1  0  0  0  0    0 0      1 0  0     0     0 0   0  0  0      0  0  0 0  0 0       1  0  0 0  0   0     1 0  0     0     0     0 0  0 0   0  0  0      0  0  0   0 0  0 0    0 0  0     0 0  0 0  0    0  0  0   0 0       | 1


KV-Diagramm:

   y            ────────────
   r      ────────────      
   p   ──────      ──────   
zxq┌──┬──┬──┬──┬──┬──┬──┬──┐
   |  |  |  |  |  |  |  |  |
   ├──┼──┼──┼──┼──┼──┼──┼──┤
  ||  |██|██|  |██|██|  |  |
  |├──┼──┼──┼──┼──┼──┼──┼──┤
 |||██|  |  |██|  |  |██|  |
 ||├──┼──┼──┼──┼──┼──┼──┼──┤
 | |██|  |  |  |  |  |██|  |
 | ├──┼──┼──┼──┼──┼──┼──┼──┤
|| |██|  |  |  |  |  |██|  |
|| ├──┼──┼──┼──┼──┼──┼──┼──┤
||||  |██|  |  |  |██|  |  |
|||├──┼──┼──┼──┼──┼──┼──┼──┤
| ||  |  |██|  |██|  |  |  |
| |├──┼──┼──┼──┼──┼──┼──┼──┤
|  |  |  |  |██|  |  |  |  |
|  └──┴──┴──┴──┴──┴──┴──┴──┘


Syntaxbaum:

                                             ∨                                       
 ┌───────────────────────────────────────────┴─┐                                     
 ∧                                             ∧                                     
┌┴───────────────────────────────────┐        ┌┴─────────────────────┐               
p                                    ∨        ¬                      ∨               
   ┌─────────────────────────────────┴─────┐  |  ┌───────────────────┴─┐             
   ∧                                       ∧  p  ∧                     ∧             
  ┌┴───────────────┐                     ┌─┴┐   ┌┴───────────┐        ┌┴───────┐     
  q                ∨                     ∧  y   q            ∨        ¬        ∨     
     ┌─────────────┴─┐                 ┌─┴┐        ┌─────────┴─────┐  |      ┌─┴───┐ 
     ∧               ∧                 ∧  x        ∧               ∧  q      ∧     ∧ 
    ┌┴─────┐        ┌┴─────────┐      ┌┴┐         ┌┴─────┐       ┌─┴┐      ┌─┴┐  ┌─┴┐
    r      ∨        ¬          ∨      ¬ ¬         r      ∨       ∧  ¬      ∧  z  ∧  ¬
         ┌─┴─┐      |  ┌───────┴───┐  | |              ┌─┴─┐   ┌─┴┐ |    ┌─┴┐   ┌┴┐ |
         ∧   ∧      r  ∧           ∧  q r              ∧   ∧   ∧  ¬ z    ∧  ¬   ¬ x y
       ┌─┴┐ ┌┴─┐      ┌┴───┐     ┌─┴┐                ┌─┴┐ ┌┴┐ ┌┴┐ |     ┌┴┐ |   |    
       ∧  z ¬  ∨      x    ∨     ∧  ¬                ∧  ¬ ¬ y ¬ x y     r ¬ y   r    
      ┌┴┐   | ┌┴─┐       ┌─┴─┐  ┌┴┐ |               ┌┴┐ | |   |           |          
      x y   x ¬  ∧       ∧   ∧  ¬ ¬ z               x ¬ z x   r           x          
              | ┌┴┐     ┌┴┐ ┌┴┐ | |                   |                              
              y y ¬     y ¬ ¬ z x y                   y                              
                  |       | |                                                        
                  z       z y                                                        
                                                                                     

----------------------------------------------------------------

